90000 90000 900
76410 56966
793 50538
4228 83131
83066 78503
62912 38933
13882 65086
34850 9460
78627 14812
45087 36496
80025 2611
12162 71632
42161 31284
41558 15536
48829 81922
17627 72750
66725 83084
67134 73679
35395 81048
80165 14421
76156 76797
33468 62729
32539 21019
27935 34958
61880 28203
69259 42160
39872 45453
60226 57976
60196 36580
60572 49707
41702 79315
72174 78782
84834 71244
38209 39001
89538 3766
86897 79963
68465 41377
80309 4191
69277 14127
23586 12213
27024 72111
18606 8630
11241 23402
5033 47194
78477 30034
45570 4398
86320 13946
86696 63420
56504 33638
17316 52710
43758 33922
48343 34498
21295 54762
27491 60030
81049 18984
53941 25820
54023 33282
75441 25313
70765 40991
8967 69162
15742 76313
36020 77721
67036 49209
37990 32824
14067 52275
1276 814
4579 1476
81438 59903
11279 1588
5779 75055
89181 22767
34979 62002
44112 62718
71348 82588
15989 21022
68215 56691
86725 42294
46692 43011
56957 53652
27072 83576
27213 44529
7238 50995
84917 43259
77756 9050
63812 1303
61333 52381
71365 35305
61125 25147
58429 43869
69181 49946
937 9903
79065 4806
81118 27138
14859 81894
41102 79091
21914 35981
88256 89531
344 4922
6398 87836
57738 69017
70604 76383
61437 60618
83384 28362
364 44476
17193 88540
81128 7116
28138 6352
63043 59767
12061 58752
11762 68718
32370 59441
53016 80228
34756 41994
2989 87906
41164 28920
37970 11782
13085 74417
36798 18162
53467 24591
49738 18166
62035 41216
1162 2098
12000 1064
5869 86987
24124 38982
30875 71977
61068 82982
28962 27217
26747 27090
32012 38410
36245 3982
72998 53602
39984 11421
72039 65422
3783 4147
48622 65814
64354 55481
62597 734
7085 70128
39895 51955
20706 32468
11186 43555
12995 66011
56239 994
42988 45977
43882 85045
23965 61934
73716 86800
71216 18014
36175 89641
24232 73970
2136 64170
15386 16547
18645 30644
31708 37577
34564 58688
7669 38544
20521 81588
74569 13530
40747 67494
4583 36595
75004 21248
25230 8227
61829 11813
23234 5272
70693 74476
78622 37243
13057 77410
42891 15487
16221 23306
3433 43327
5281 25987
58454 69639
23193 36188
12198 68436
69430 22418
68394 22275
17320 41284
13218 86933
83732 64948
82961 29136
28777 53008
36977 39112
13282 28667
45214 63858
4502 36210
73786 18349
77036 84705
33249 53769
45357 29925
43455 84202
61695 66277
12872 87875
19123 44352
52579 24407
36220 59453
64725 45418
29893 18515
55758 68814
56224 9114
24601 40821
64126 67558
20885 26166
52152 20606
244 23437
59625 71822
50258 29687
52104 30497
52772 70091
21375 34592
31524 25256
203 83163
22299 51075
14082 51059
171 13453
42120 87333
61191 65693
11902 85688
14037 1072
85777 29026
82795 38151
68075 21530
15731 77425
53702 66573
64448 83570
37921 499
24906 61126
30578 5303
50720 80612
9127 64884
43697 9920
19034 43634
84454 58579
36137 57022
83187 45339
65945 66189
89625 59249
41071 1328
31015 83118
23615 76386
56476 77850
22442 53965
79221 79423
72586 4884
55958 70040
31099 31270
44722 86841
84174 55365
31057 42959
38646 52682
53754 49530
78556 71350
19500 87574
19104 34834
22259 75960
52533 26981
20550 58471
58969 83875
55000 85578
880 51599
42211 51337
26220 69917
79837 8870
52503 46956
15535 51672
18693 11880
57219 33163
9351 8976
68225 19295
20623 51637
44754 68369
54754 21230
9080 31521
85486 74706
64128 46714
51597 17555
87594 28693
59962 14683
11524 5697
61062 2118
45076 83721
46403 10156
59686 48241
29590 49089
46663 65766
10600 32858
18818 71351
8331 28880
87350 56319
50193 15193
10770 11649
63248 15459
66795 3015
72932 62768
71637 34140
81095 6630
58301 76994
88874 56092
89254 8605
17580 85804
15099 35721
87357 42111
20479 75233
6462 15541
47061 42546
27252 1379
48092 9689
27243 24837
53529 23490
38173 49696
55393 26454
28571 73647
67368 23770
33925 3610
51850 81439
40528 87190
62955 73554
16412 35229
16579 24910
53789 51139
17457 67650
82842 3612
15260 78508
3966 70761
73775 56707
29474 11111
45250 36345
42974 11275
88269 87142
53233 52487
61092 78671
74475 89573
35294 32650
74761 5240
80472 86933
12474 59534
12080 39332
40710 88802
8491 35734
60571 24099
47589 85762
45457 10850
37303 65874
49520 26888
50657 84582
88192 50042
41481 82008
79197 52151
35705 52116
87345 13923
38832 2621
53760 71217
48866 41708
45319 60579
49086 53051
33812 17587
74293 13767
24877 70127
16471 59445
70720 68988
66130 29363
81849 52940
41611 26085
25658 60951
3601 78361
83601 74072
71005 83478
53012 65092
14423 55133
53935 62425
8158 68729
2827 50416
46177 1634
12483 49786
25659 75179
12067 62724
57305 55497
15538 57019
49026 38222
373 36077
88193 85537
9460 48292
50913 14672
85888 44754
86461 41780
12358 61444
24495 58306
75892 60184
73950 8826
78952 5423
64867 45587
24574 703
30065 21914
74854 26464
52549 78206
49157 52757
41118 34718
18790 89794
83272 46283
21374 35796
929 54863
27287 35445
14173 17000
67416 23593
25227 37710
87495 23154
8333 20399
83122 50427
15923 31461
88479 47504
85726 86099
32175 30368
25905 35364
83656 44569
59240 55128
9881 6342
48121 60479
31922 56416
24721 10612
70796 54745
63571 52523
57945 32812
78398 12972
13675 43740
65653 50507
76971 39520
27725 76882
39639 80756
25474 44264
44057 37328
83611 14985
50781 51709
16571 43858
79302 3475
20475 87890
21483 46709
84418 81913
15066 23398
43796 36917
87344 13266
44727 43206
709 86435
82533 24708
55075 80980
26344 19999
64567 33807
88934 8815
15156 63277
33756 65677
32093 56814
67426 48221
12965 76536
39058 7003
39815 28213
41185 54859
8598 74251
34758 21728
61247 88972
75854 25492
16247 41721
85984 40041
77369 70979
85963 46743
8451 25022
68879 58181
61655 82130
80020 11502
58211 52628
44540 59606
83003 36799
73716 71059
84325 39051
82256 82965
79400 71932
6640 61715
52694 79037
9036 73602
17409 16342
25157 40313
13589 47345
23021 55114
21927 89353
47573 60538
47073 86131
3134 42949
71161 22346
77204 85802
70053 14810
36538 7785
6756 82609
18101 34347
76068 72051
22091 9459
80438 76400
33143 41594
66615 45493
13673 75328
67457 57477
68978 37188
89816 44356
13961 6963
43761 27477
8535 2859
41910 34166
27131 16530
88462 5101
66815 29508
18545 27580
11182 28590
44932 70089
20401 33989
81334 14354
69468 1395
747 48319
18857 65930
62060 65194
18142 89303
21648 8852
4654 74706
89516 36054
43838 50594
43203 61303
5650 81717
63768 85858
5317 85755
72155 15297
56890 33505
78997 2670
77997 55454
22930 1908
39096 38911
83267 7227
14190 57950
85426 3961
6820 48729
82894 20024
36554 35015
40115 16930
46438 64982
2562 13743
42333 87265
67353 87753
31742 23075
37429 16897
18291 19038
67357 86213
62142 34202
9396 27537
26840 48487
57339 61992
46697 46213
82266 36104
86697 39900
11202 16852
8568 72335
68193 73510
69264 51418
66715 33605
67109 56106
58775 46772
12226 35155
37063 76159
25069 18336
25562 39751
7701 3127
7087 13906
62634 55528
75552 22106
57120 7235
24165 70602
45584 48145
61888 14221
11485 78838
76591 18332
41407 78835
5731 24022
43059 20415
16628 78769
22971 32366
59903 86742
45229 12567
74558 31255
77468 69734
15837 12534
52433 63635
80486 89054
71389 49582
33091 12355
63773 40487
74091 51200
17305 76079
32851 45076
80231 27293
13451 38520
56855 82417
32167 39867
42993 50080
63985 36619
2147 77699
9804 66924
74158 8322
78924 34507
82652 54540
68760 80245
69082 55673
74004 25410
14245 19976
43997 87056
17471 34098
22867 45837
78203 48105
44847 75
12642 87199
28454 15921
85654 11491
24024 76457
50091 40577
39631 21019
70600 13691
26045 89818
40304 24395
75594 2898
78977 21827
66902 57132
84425 7876
46396 13251
5667 37834
77701 30693
80773 54758
1376 3523
81221 1025
67948 52106
60427 49351
83858 76509
41049 19808
10053 79135
44807 28810
54220 68465
88440 42437
39493 56963
1060 23926
69763 57965
16070 60916
60991 73632
70831 9285
25205 20859
32349 56373
42829 2920
43497 83127
14146 84745
8436 34481
34298 74602
8996 84590
87488 76464
8291 75192
42324 36749
44625 1020
14271 19938
57771 45471
76164 66936
31693 33069
36592 27812
28837 6784
58889 29316
78666 72524
59033 10081
29889 39941
29075 73882
12692 66911
45376 43816
86252 35744
2706 3766
27691 7453
65418 81487
52403 23393
7025 77856
87140 22345
43203 75552
41924 84753
87673 41170
34296 48442
43187 51622
86103 30400
15002 23998
18587 16074
2538 10828
86020 38344
75093 29717
30737 45007
64945 32715
78186 64350
41285 72978
16047 52638
80450 19286
26069 84958
24273 12939
85462 54494
64575 4463
44403 73478
57359 70050
46961 2336
46151 42403
78147 80853
84618 22309
29761 5179
86665 49067
72460 79484
67340 64479
86823 40026
25577 67501
62254 59927
11096 45392
3833 47020
8641 4744
35143 50145
74142 2729
18803 21340
32168 28187
66531 51623
81340 22076
67083 42028
74742 62928
37277 78562
61540 77586
40224 30673
49959 76028
70985 5258
18196 13658
68151 42725
47188 1590
75068 42426
22476 69436
71772 27923
70325 58472
49324 43941
66249 6010
11188 7853
56920 39379
28863 6202
70681 67504
17529 43106
20607 82860
52787 63882
19274 23106
70125 78766
83509 28652
78797 62938
65666 84469
15808 47975
76162 52693
14316 5655
27731 4814
46841 31583
4510 41786
30348 1887
79472 29696
60368 20327
6354 77338
82595 10791
24448 2599
45324 2511
4101 79168
31593 54069
33504 15276
43198 23523
81994 41318
85259 61508
67517 78705
86557 53477
2855 31718
37919 18600
86103 13631
56737 77343
70203 32989
6870 26144
49250 29375
18140 11649
40301 29097
2034 67700
62168 77976
35951 22113
74805 89121
4775 32505
37319 84159
25741 30250
72036 12383
14270 3742
33437 3805
24131 30484
17822 10416
21206 45654
48252 3575
6085 10185
89353 30945
85013 28517
43792 86990
20513 12507
53824 49082
20590 88106
76811 73368
36844 39699
71416 19335
37934 34036
47667 14403
1746 71948
14936 21806
47949 7199
36573 54713
66361 16661
45758 47792
25491 87659
75635 21585
43698 28502
27622 32397
64902 12220
6379 32119
62369 44405
56788 71057
74798 18235
22039 46169
76653 4474
14890 36096
81749 40000
43575 49660
59845 59197
142 85155
23671 67463
64453 84966
7472 61296
20378 40967
39073 25883
9251 46094
85792 67208
86542 34475
68511 26178
40581 42326
24274 39210
61015 18964
26162 62735
27447 3807
20468 66225
24017 49508
47166 32801
54385 8083
36585 64207
6603 71505
83725 103
32221 4590
48995 15782
86839 71637
89871 21909
68078 54730
59203 74093
20188 11936
51936 5511
55170 25015
84211 84353
79507 13178
80641 55094
50059 57531
28826 49203
170 39242
65125 74375
30469 26260
3468 9
34484 12994
39171 79751
32077 56350
5559 66574
85538 21700
84434 21880
25687 46155
22380 46396
5903 53069
85869 50254
58336 4921
69127 75729
57233 50957
51060 83281
87870 46865
62646 59485
41121 40991
62899 40977
5706 64909
49001 69188
81124 43059
48570 13739
38754 32965
27317 16824
30001 20642
75735 35794
3324 32149
81352 81521
30763 5887
80261 20729
46989 50457
50465 84948
7942 47112
36863 68940
35289 40848
17421 12959
