80000 80000 800
7847 23557
10376 54168
24516 9196
20933 44307
25193 72242
39150 40809
44860 58813
6094 56526
12675 48818
62374 71923
64682 39147
36488 72212
72915 28031
26072 48836
76185 55647
15268 1157
35402 44347
64971 34990
17595 47524
6110 78692
51540 2743
13978 34712
21323 24723
48000 74712
25892 71455
29685 296
55564 31303
34984 18326
60168 8004
50898 4211
47429 43341
41104 48950
72507 2882
57050 1565
10761 31693
76000 21192
13434 52584
13392 58252
37064 43157
19683 32357
1175 63549
55471 40153
79299 35787
27998 20912
48943 75015
43851 40035
15682 30950
32106 67508
31854 16825
51815 69409
36933 43042
41734 13273
16015 29992
64704 6026
30749 78748
73460 19351
10806 40490
40786 16350
47653 2636
20962 1130
9133 60031
64241 31669
75010 36113
5063 77569
451 57500
59064 69825
21518 17517
38709 52142
24725 38117
16368 53431
16587 36270
68626 69801
53349 28819
68972 68270
24056 52054
72965 41908
36922 773
40807 56488
7438 39544
27051 58905
75729 47544
36952 73885
36927 78660
11932 27946
57938 42642
48667 79416
78164 71623
10973 21779
62268 23054
39404 7056
9692 30654
31783 40915
20945 5186
36855 31864
67977 73040
70608 71059
48558 27622
17446 38963
56480 15188
67330 12054
50171 66538
39969 56556
12825 1450
71251 44599
73418 62389
50658 74714
46767 39732
1640 38562
39334 140
56628 64065
23609 50659
29564 25292
72836 29787
23671 60597
59256 71188
19133 77071
39712 8379
7795 5958
77580 8553
30331 12598
35652 75055
2111 11802
42455 74237
35152 56097
61282 18136
50000 37977
31016 21624
12682 61239
8861 26306
65269 41749
56936 44265
56319 26489
13027 52995
29550 42374
43824 35074
79673 73090
55478 26136
20850 67617
27349 28988
67550 26883
27023 3651
67716 11324
61983 11546
36838 29673
59459 3130
63727 42983
34170 53303
50373 10085
18464 26258
32215 29794
38346 68676
1274 36926
31981 34091
45892 8347
2584 37735
13831 75113
13248 63248
21224 52240
73863 6545
67784 76644
22950 8219
49967 26903
71167 47486
73974 7000
59994 9543
51917 15740
50814 50486
43575 19053
45188 66038
53654 1002
29990 17539
44422 71444
75094 62810
74133 56115
67661 24498
54170 33629
36759 20485
63468 17637
70939 41312
51397 69860
16117 48332
78126 36472
25148 26422
63347 15327
49417 15309
23656 26239
63974 77805
72917 6165
69412 10636
62875 56738
63283 51066
47710 70660
78878 48845
75747 66914
34399 28372
35372 15366
24909 76825
12565 63378
33863 77438
16490 61678
47715 21369
22371 52360
69899 34320
25763 20857
3666 77799
53914 41574
66071 40241
73869 30628
51112 34579
52216 43155
4466 55862
45722 61838
30170 28295
64766 9913
36334 19681
35007 4424
19733 43388
69627 53600
51404 44320
50484 39896
50532 33407
10144 73427
44493 12202
2861 1739
50583 46329
33243 67641
16013 51384
66750 11658
8483 21047
4425 38288
35725 52215
33892 1607
22975 45346
17705 7604
41923 67686
8542 12208
10006 63920
25493 11563
51803 45672
76299 47411
1990 54206
17360 21825
77687 43408
25246 55415
3710 68476
78389 34722
54403 9410
13833 33565
76953 66579
40178 11582
55901 26385
66281 36812
70218 362
73788 38280
50482 53343
55081 25664
71993 25235
12875 28887
271 67021
78678 7161
28207 32632
70919 26643
78857 32749
34355 57330
22675 40380
47983 9906
77591 6133
18340 28346
12265 37757
49320 21123
66795 63094
30504 32494
6699 24058
45883 43569
6977 32223
7637 11347
79822 78210
32932 7334
16743 30576
64141 61093
47672 7850
19431 75332
21716 7997
44808 35025
35386 29174
67453 37934
11276 66357
12020 4012
29246 42121
71008 71278
58299 56976
64136 12343
44974 35892
62535 61392
14141 48496
25825 48500
8880 56863
66768 64358
70490 8829
37175 49440
7197 56516
77639 64433
47526 78030
30524 37222
61280 27162
70731 77707
29930 37566
48913 48734
46944 79875
7209 23951
54527 38667
19760 67431
75281 14711
10042 31758
39754 4562
39586 74972
24145 11598
49531 60807
47163 59183
63194 12440
54560 45567
36845 15143
72119 56255
68598 33571
69463 51998
33390 47530
16025 41850
10350 19229
76091 62858
47216 37705
46534 3709
53148 60344
36860 34499
18932 66457
64487 15010
52231 33511
60672 51403
49110 79039
36605 5517
54250 21194
21068 28276
52227 26753
65420 5179
72610 67890
2601 12642
44400 4154
8715 48301
43272 67417
79015 48546
29352 76515
55697 38891
51330 25890
71457 28301
43444 35563
11817 414
33985 23448
75446 28835
76365 12390
54239 64589
3817 79908
62766 29981
67686 34219
37927 11075
71418 28278
62776 1707
68164 52650
67660 39891
73401 54073
25475 74584
73622 30226
35743 9993
31186 52253
529 52755
79508 64927
70106 62716
50605 53205
65847 30246
34400 43114
11414 54686
42103 41117
9662 39013
35528 11225
50115 21445
47334 38790
67091 30535
66097 77914
78328 32312
55760 51206
40 76405
8794 63033
47621 51438
51345 34111
64092 51777
5995 43922
54996 46414
74691 57467
59174 47337
19987 7646
47537 40937
15009 40483
35067 28688
58914 14656
24649 55834
28087 28615
1370 878
65805 55910
38625 9230
62434 48281
78527 32926
76039 7453
62138 24240
65357 75018
34031 69558
783 50897
72341 39675
78465 65556
16090 2187
100 78427
30739 6499
57704 57744
54148 62941
45973 13593
65030 36375
70486 54577
26353 32348
76269 51264
17678 12368
69835 49008
16345 36331
43977 11513
52449 67458
27940 63006
11694 70608
5264 29912
5745 33831
62446 63815
64692 50496
26406 65031
74260 56694
24974 23501
56426 52464
59917 42054
66294 51651
46668 699
70256 71038
41935 34276
73950 72415
57970 74060
76246 76346
74772 25511
32009 9712
67455 41603
24543 70516
4109 69139
25514 15999
70575 16928
49275 45544
16808 34485
46853 36687
5694 22038
58369 22345
33858 6306
73763 21703
4709 16402
7009 12273
42184 47928
1759 64204
48018 32710
3206 29611
14642 8901
65595 10569
34069 10494
62958 42874
4928 71222
42872 9540
10238 494
71532 33466
67742 61691
54106 32075
26135 22380
18725 13497
39008 71016
728 68182
29785 54328
44843 48952
38090 63604
79602 70177
7104 56379
21923 38730
73214 40066
76753 2446
24483 2851
25196 59053
65359 59122
824 5533
21935 28944
41216 3399
51326 53084
37288 5306
38015 41221
70831 5473
14374 79968
10536 44605
55099 38056
930 5858
77080 39952
49491 59729
60222 51753
5219 72960
54651 28756
60831 6965
29345 48070
61567 20574
11589 12316
498 30283
4610 49453
18404 56494
40097 39699
29875 36979
13358 35280
74009 67223
27289 24041
26487 50969
53820 79016
58068 43427
22548 23372
28904 50838
79781 40996
44395 15720
68804 26091
31396 69411
30631 21462
26934 41307
41275 51811
16415 71513
29569 30499
36356 33436
73387 42877
22605 2827
54580 59798
52757 27408
56164 36994
43959 73304
41373 22940
43513 55102
67418 67916
18198 22807
72260 10663
67156 27253
66951 16826
53804 67162
22441 16450
3672 30961
55001 1487
52456 26276
25291 3359
46785 69333
12704 41608
12446 12227
53223 17617
33336 22140
48231 79627
69038 19668
41130 68064
29370 70645
42455 58870
50383 79952
30450 66806
20241 13627
56504 79109
1936 56515
36312 9069
36477 12640
49633 13592
6895 48268
71207 34720
9821 77238
65154 3351
26158 18417
29080 16235
43488 30439
47264 21068
8229 30669
47118 50790
1750 56751
58238 30694
56970 2261
5620 52404
41737 54441
16048 28494
40720 13942
31558 64894
7034 55264
54891 43928
63596 24725
12788 42158
32802 75257
54127 24509
24460 54910
41715 61956
75583 52087
51195 53131
29645 65957
75025 31501
44140 13773
27364 34259
2526 73733
28452 38272
35510 20663
24014 50171
68588 17667
33902 77389
27828 75091
16158 24387
55055 22173
72963 74713
51464 29702
60395 37365
39625 45244
17648 59384
33824 49872
78365 39084
53026 4584
69477 76511
51774 26665
70592 54188
78912 11700
53857 6659
1916 56042
551 25011
79920 41635
23590 19172
71258 42453
15583 45228
31184 26208
57709 21849
35621 62985
17244 19770
13502 41953
225 35735
56398 411
50582 39170
56836 10738
8127 35954
31044 47202
71588 46643
68815 61778
56490 27953
57654 38049
75413 35038
281 17929
77312 31136
1007 79372
38456 11481
16064 5541
2051 53825
490 71082
45269 44181
55880 29737
36396 38311
14353 14904
39914 39834
1468 25058
44230 35488
77940 13523
58751 9934
36142 13850
35699 71320
54305 71548
11317 24819
66771 66996
22731 79128
79539 50121
9290 66126
76863 4990
40943 71987
39188 30775
77417 66232
48010 24499
52452 30106
68155 63568
18605 18886
36814 34126
65261 66268
65640 24095
35576 51640
57181 59232
33056 33546
24627 69895
34076 9955
39691 76086
34397 48749
63652 23566
63399 64866
9923 54153
9640 7580
21102 79852
9786 45927
59777 15475
6794 61098
52645 63962
8780 75551
62547 5277
4405 3943
54064 63354
49479 46342
51331 12274
4260 43447
74222 71639
57871 25880
50379 22831
52937 41091
24659 43264
62149 18963
53088 38349
24617 10256
34351 69926
41566 18746
77977 31033
64578 9204
79099 33174
43129 2819
78905 33302
2051 65702
9268 72666
57532 67455
41607 51246
58825 79927
79779 9564
55490 35266
50741 57534
38632 11276
75238 4017
79568 62114
67390 71794
75737 49800
33153 2632
48974 20305
32578 36838
284 74506
66145 44015
69895 40274
63105 36041
77132 21790
65053 47202
66164 39252
77601 22217
32473 66824
56749 18315
37060 35036
66069 50646
59850 58948
12122 55250
58069 56974
10275 12325
78027 7294
79960 57491
44946 6552
57798 36622
36549 36327
45890 21380
56646 27386
4919 43550
54826 50064
54081 53648
35761 23151
14945 10682
60481 13634
16266 65239
5544 38121
74958 75242
69748 55892
19907 9802
50075 33179
69220 66351
8141 73194
40395 26559
65811 63412
5629 38101
24924 1673
19987 57047
12083 78151
48797 28646
7594 19715
74965 53034
30007 40281
52606 50632
57926 57885
35376 321
6872 64670
21292 57840
14166 60056
1436 58081
5466 10385
53935 28761
78825 52905
26552 62313
5463 20408
31089 11570
25203 41469
