10000 10000 100
1230 8204
9112 8155
6989 7009
1233 3614
8249 5767
4141 4070
2826 3873
5063 8591
7063 1139
6828 8128
7896 2388
1422 9279
4849 8484
7633 5845
6308 8048
7180 5114
9515 5044
5047 9297
8042 4395
2927 2383
6555 3013
791 2995
562 3264
8880 9419
2535 7498
148 5222
3128 1911
7223 7700
7270 9074
9102 5950
1611 1846
2210 3440
1643 755
8910 5898
2906 4139
7753 6001
1768 5908
9978 2803
6675 1737
328 7391
8529 5357
3484 1379
3767 5188
4467 9315
7798 5431
1276 7583
5630 2810
7924 7438
2482 7529
6825 4866
9261 2187
4570 1125
4137 4927
7921 8482
1746 625
43 2578
75 223
5444 8572
482 7705
5404 2673
1747 848
6798 8409
255 2464
5903 7546
8301 7210
3107 6013
151 7903
3904 5671
1579 1556
4359 1033
2770 3098
488 9017
4373 7857
9236 3002
8190 2656
1971 9768
5199 6474
4057 9687
2496 420
7858 339
7867 4691
9557 8817
1004 5573
6697 834
5760 3681
2163 3908
4533 4575
7153 7228
7450 2893
1465 1947
9651 5055
7728 9474
322 7119
5527 5781
8245 4148
1694 9994
7203 309
6321 6472
4374 8277
3948 5526
