100000 100000 1000
31356 98448
82365 16266
86544 46023
94475 84572
35793 82872
87886 90172
88944 23737
44691 86717
51715 74413
30689 5475
66652 20672
91230 28339
6387 34216
33106 8970
32185 56849
98690 32818
2041 6755
81958 66513
60061 90430
38430 51115
23844 161
8270 49835
34500 3802
33580 90512
37826 47598
93212 89054
60798 54241
16660 9221
48296 75702
5269 10168
42662 60830
56103 87459
85906 68271
84536 71079
17102 11576
96148 31940
14811 2697
92869 81812
5549 50239
36955 88669
63082 93771
99245 65897
86569 77799
6138 12524
46740 79846
88815 21000
77849 76538
9355 11395
18150 108
66620 26680
17109 55539
6654 30497
30658 38927
88762 23261
27062 60642
51153 88979
36576 29788
18842 79640
33881 50540
59761 8056
83758 89026
99194 41855
2685 58787
46245 32151
421 84956
56035 73136
84712 80859
12799 27609
30306 23174
4986 10534
60773 97727
86396 49478
43248 42493
8390 94958
72757 78894
91417 38156
18001 6816
27816 5664
82201 91555
2950 21099
21206 87825
14504 31613
87152 93805
24302 54959
93886 82647
5908 32970
93611 44764
33743 70318
106 18947
98587 32467
83006 42766
50822 34579
23605 22798
64653 67337
26123 72368
4518 4938
89894 45929
19065 3776
84635 97433
25042 55347
78521 83506
94040 54813
52540 38935
88413 31660
74153 82542
77500 50256
29150 20566
58722 76723
83539 11354
17017 99217
90772 93721
14819 36025
23849 38353
69966 57118
50922 75224
30182 24068
6714 12622
45591 39202
83966 17708
88026 88131
7078 5664
38130 21136
63901 14722
49301 72905
95703 60355
27691 53814
26181 30698
35636 25530
71458 90522
94298 78933
76365 1406
56753 35273
18779 12819
67631 20170
59105 47517
79177 53330
35871 13371
63627 92776
13342 72063
48786 32324
43678 60694
59911 50682
44403 59222
95246 19095
57448 27413
84531 35453
10676 40858
64925 71638
84260 29850
69052 53017
70725 58750
46881 53958
59622 97752
18887 82788
97510 46810
19714 15416
75770 3460
57273 83454
14152 49787
75317 46775
37297 31594
10526 86891
88297 45049
80322 99101
11919 79550
99719 58823
6340 85517
38846 74717
88087 51713
44489 57830
29893 78679
11002 54680
15373 75284
25966 70368
29589 24835
43929 1376
28789 13319
48771 59447
304 65228
36866 21125
50975 20026
73043 43767
2516 49396
3354 62975
60726 79613
62400 59909
6718 26432
41847 17617
21077 78350
61803 75954
25741 1058
47832 85128
16722 27248
14138 2434
47483 27805
26905 38824
18373 18091
76914 83253
68769 7615
82331 70418
22130 66619
24448 54341
33019 44021
98700 14073
89356 15322
85689 15278
40112 84040
85416 14204
27523 76293
35740 36043
1270 38135
59259 10234
30259 3301
47068 49583
98979 2332
65307 26033
5645 68045
27953 34671
61102 2949
20566 41643
19992 81795
57749 83490
84547 32378
17506 34227
61474 75612
78046 25529
53333 80237
19060 37433
55523 32437
15690 84459
92073 74403
44820 66950
33568 58016
12356 45374
89395 88094
2166 91522
6843 92532
7810 47921
31961 17376
31580 59102
35395 71134
7176 8445
46580 5839
16072 46330
49631 96698
46281 45259
47591 12897
38929 44574
12618 40571
75242 36344
39293 59858
1500 21492
3286 61035
44524 29070
61447 78953
13179 74653
50264 28310
53838 7170
87407 6467
43899 99422
31858 47547
32005 24078
98480 43300
10250 43817
1832 14188
59562 48956
37050 39216
30737 37580
30112 37921
85841 17801
35177 66756
25857 61251
32384 39560
48005 94584
422 16493
62823 12453
9151 55432
691 48281
61178 107
44680 57298
97869 73110
9453 48745
8603 10103
31594 34880
95914 40437
69506 30953
9906 23084
97736 48000
76310 30147
37317 24724
31191 75090
74511 6369
53916 85921
9998 8478
51778 62027
5843 7675
21863 81424
30380 67429
6644 37381
74960 5071
42991 28832
46633 81809
48564 74421
35671 68055
7615 55619
50202 50623
67116 29938
42391 51542
6973 7663
55944 17122
17228 61908
19206 17074
90184 99636
48381 56983
67086 98679
33558 29471
69908 39414
70367 80272
3355 1091
49091 25400
55546 92863
17586 48777
23866 98377
4746 58661
44582 54580
63058 14835
76861 82704
90378 12241
93665 24044
91473 98117
35497 10457
15528 58519
87350 33982
15790 64354
38774 74445
42500 50114
5733 55934
6557 73673
3610 46001
97542 4515
12178 68122
85243 2470
64378 83583
656 90840
90475 38856
95839 62924
61602 95160
24631 94538
33951 4317
84589 87943
89034 38124
63524 19070
11932 29518
78294 2160
536 5281
63942 8524
63103 26160
40994 17855
558 90936
3176 96840
20884 12356
10472 45969
56425 71952
30470 17820
51801 67591
31945 70719
45164 87663
37777 43509
99443 6000
79672 83282
29282 26824
31338 43516
11637 96879
99349 63726
47309 47965
38804 29278
68134 63972
26895 88497
83656 8286
2824 36774
41091 25679
13622 2655
40779 4302
23372 35303
64821 43115
45274 45809
51090 15032
23555 86658
12818 53812
71666 72224
63159 66335
63174 84058
96414 6886
52854 9279
81231 11700
29520 81320
48911 80856
51574 96737
84400 22176
65685 65128
71127 50798
34079 63361
90184 21522
65038 76674
73553 72902
36627 83935
31900 70703
99981 68114
32086 58980
47477 31132
39418 42241
79015 20106
45784 59406
62060 2839
7141 30512
65815 30635
73750 19023
64832 15922
30953 54508
41166 53984
7795 79461
51684 14843
81177 44351
28408 24821
31707 84560
93839 75069
86769 16288
97608 46518
27374 78947
75684 60083
82259 47944
13071 84198
34995 69074
32434 22618
44139 9176
85850 59402
32303 68930
52865 84764
55466 55447
23560 55645
14625 62101
93233 32651
74892 53906
74012 19795
79200 41260
44099 51239
81751 47565
78200 51949
70972 35803
51725 82677
37185 78351
32334 40129
19589 71273
86115 67292
11642 40049
64870 96576
81136 74974
50042 36810
53097 50704
97222 24596
3543 79226
39309 21568
69511 82582
66779 1774
70847 3281
25898 70036
79212 65062
24463 56766
25696 78561
63324 18790
74236 97796
53441 68066
30167 23400
56050 30942
84848 58859
78653 57853
99113 43211
94450 76200
23765 1965
53914 24885
60688 12412
95089 32274
10624 42958
83086 2675
73948 60063
27354 38995
79044 43913
40489 21624
96597 46639
83448 36545
87249 84471
9066 12608
91834 31142
52709 22220
4801 71579
73353 44199
47479 73377
43413 22624
87685 12148
68914 94610
73170 36494
55283 29519
27315 80755
48821 78987
2386 58436
89377 74224
33082 11735
69588 68700
11911 6360
82560 6324
8288 62202
87086 47774
60185 55274
87547 98171
41128 24214
26889 836
60898 88251
27246 6289
50202 90690
12313 8910
55548 38995
75540 62788
47258 56324
68931 60764
91906 44614
66833 71634
43213 16565
60763 8242
81619 25031
47655 35339
47487 16401
11010 84179
20672 75955
5474 32788
13543 62363
41350 43735
2171 91547
65771 98853
10588 80175
48875 60785
67145 49704
56028 64316
26517 13603
61376 21561
76834 64381
62551 3679
27892 54780
55615 16513
4764 32009
38298 88499
79188 91501
410 55957
94952 70491
33279 80536
36860 5790
66554 58459
3073 69905
41539 84751
1315 62078
70320 51938
76968 24622
59961 7448
23848 34858
19037 39709
15663 21137
53925 67467
29830 71180
14914 17085
8631 74402
73254 83842
64016 12891
73676 40820
90524 46552
10867 37383
50985 12361
33921 10754
75134 37685
41363 69254
24034 79649
96161 925
32934 71231
59729 38917
30417 30826
86782 81734
52224 85503
66038 2898
8687 75241
33699 36771
6676 48215
32965 34279
96357 66676
18614 95581
20203 80164
87612 11459
46317 65353
5062 20725
41861 95785
63252 93082
64261 79175
96259 4890
79291 52545
36386 402
13293 86968
27788 18312
64863 75729
13112 64097
76457 10378
21131 96265
33949 75312
44565 68599
48247 44408
45332 78265
49495 9224
48140 78556
9381 96163
77896 30120
15622 81660
84557 93243
68484 2183
38954 45629
93843 26808
61087 57443
24119 42732
38313 58516
38679 26290
37749 84066
49419 54480
75204 17065
12849 76101
69182 33443
12617 8876
13765 93056
45601 81986
82388 95680
82648 10435
28747 93609
69338 82450
46546 23003
33380 54511
50775 84724
60035 4600
73198 21444
65851 11182
89447 38941
48164 96303
74859 84239
80401 58296
88416 4037
85696 70252
63495 31978
34160 73113
18742 12585
39392 479
57921 82039
24771 63084
21599 60278
86568 24316
8382 57800
12279 87483
4547 17396
93496 62677
96120 8736
17611 31376
24432 70032
52018 34406
30085 12733
23167 51914
45522 14860
97309 43854
66857 236
54746 5521
90244 50279
54878 28075
49519 15370
26552 15998
54938 3102
99405 74263
58502 38902
97198 85613
89649 75344
45596 9091
41069 75228
48341 67083
79668 19060
19538 77458
59497 84268
47351 68950
29227 15794
40110 48491
6290 18569
6052 10599
27994 21489
84166 80285
89021 6632
38008 62439
32471 84488
18893 48978
61710 84877
36791 82312
97172 94480
38334 5190
5426 60172
65692 55936
6215 61092
89167 38686
54055 80606
96603 51541
54643 54048
28310 86811
25713 22910
8522 98171
73515 19111
28201 69269
44497 92838
59920 39587
58647 78184
55642 15139
99406 46757
15706 44932
60726 835
49325 55615
74184 80235
90834 18827
40316 24482
4767 93787
419 38426
864 33335
17823 36716
85693 47403
32280 69070
51382 48553
43033 81366
86555 91981
52152 17844
73780 79994
41086 30253
68938 22992
3597 200
51740 6383
60430 88740
75550 1263
24172 32694
30865 4379
23489 51690
20958 65454
58291 18211
57798 16444
94627 50268
65407 64812
11568 27273
72205 32930
33764 83089
38704 12887
93122 83955
2782 43097
67579 72345
66131 66549
4975 5838
39173 56995
93710 79403
26806 59085
28155 79537
28090 71122
52487 39042
31022 83173
1017 74797
54790 95876
26128 95065
18057 21654
21853 73593
79975 40405
29144 4694
5956 30127
62821 93685
98064 21553
73242 94199
59653 17944
36154 93951
10394 5021
55289 20695
85507 97074
24347 96552
29481 63245
46334 85037
97924 91045
75000 77782
20879 88457
60801 26931
93480 98454
4292 43464
459 94168
73571 376
59461 87616
67152 95241
66362 18848
57889 88911
72084 73100
47896 2686
98562 24689
19754 37810
59464 81316
54909 34884
75288 4431
9125 15080
45207 8027
1712 99776
21328 94570
88768 48421
66364 2517
96468 6862
11883 67172
87866 73372
70446 94793
91344 20824
84069 30402
15438 13361
4406 79406
57187 78065
66522 27322
54253 47732
46186 50478
93942 94400
88568 62138
62514 21974
9589 76741
71981 38343
57190 15079
3990 76073
49173 97069
99754 98315
23004 42757
80567 40030
21346 76254
11138 86425
90856 99980
15060 60266
68293 70005
69780 91108
85677 74445
22865 89229
91746 88213
95075 6957
74128 61994
35366 5812
604 91947
12771 96839
27240 42678
56039 60445
39851 97037
75102 41624
68945 23197
70929 17115
67592 61533
55932 44500
6637 69150
91124 712
77452 49433
87775 44965
60044 64033
40106 89278
86346 86099
84414 7418
50174 30741
70771 92116
68370 79508
65932 56788
56768 71827
32093 385
70390 40169
31276 16952
91396 14261
3489 95234
83447 78522
85478 59606
21599 56965
62776 63379
55326 68096
64934 92174
34852 90891
51335 91185
88222 63324
4947 73892
97088 68017
85131 52722
14255 70187
14686 21323
90472 81595
82307 59759
9191 96966
41930 1974
66006 6111
95389 81734
67833 52247
59664 9838
40578 11349
3465 71834
51341 17273
74061 30829
2656 34748
35133 5522
45691 76967
93918 85314
99575 3063
98297 81744
60265 45743
5348 26947
83911 46687
10065 65390
33486 98419
90593 25445
16335 67669
58854 47076
10399 15346
89237 86325
54341 39472
92194 6448
76635 91320
12642 3114
84709 67015
26774 35965
32930 74860
76833 42839
48950 44338
26072 93905
46151 5814
15651 56229
67577 71041
42875 94216
11489 85549
16378 19033
53780 88913
94435 40126
17092 11010
96323 95898
98960 97257
79001 39265
85007 90355
17301 1212
47898 57963
23352 56837
55256 45849
71293 87628
55297 14150
61226 71624
86970 76207
62531 16872
56343 48537
54985 31619
22938 35580
38693 23401
90416 17189
53153 86083
60943 37775
80614 29564
73901 99973
93877 40027
45841 61492
17720 85297
56337 99212
93427 4916
90464 6841
25874 79654
68566 63001
3126 20217
31226 27549
23446 22406
19663 98663
37927 22934
13288 30588
31800 79697
37659 61011
17848 73104
18952 90245
77872 33169
47319 8544
80168 67137
43344 5874
22746 79088
27625 82609
14227 37165
72744 11437
34837 25252
42441 95594
81677 42619
80394 61007
90570 64471
64444 58320
98347 44188
5679 23399
8695 65032
64243 57670
62585 53049
59890 85763
65416 33982
96983 108
20325 51550
79099 2544
24949 44611
43274 81200
4133 17421
