20000 20000 200
19119 11108
7721 7639
11454 18223
13928 4806
18462 6281
18452 179
13670 6999
17988 10206
9982 15890
15195 1136
6087 826
18753 12114
9940 3758
17067 6240
7426 4621
15791 11795
19330 5308
7050 856
12632 13548
243 4313
10044 5405
1980 15930
6454 9112
12070 531
366 12206
15510 17881
14090 11823
11062 9307
9739 697
738 1065
11594 14199
19365 18484
9592 17312
4950 16404
14627 8555
13360 11822
18103 16554
16733 10403
17401 15389
5594 15575
11465 6659
7795 13882
14707 13460
5573 15513
19271 16337
2576 10002
14623 10413
2208 1538
6846 13895
14751 7382
929 1171
5484 15528
932 2912
18841 5295
14407 6476
7007 7372
19578 15087
12968 7057
18880 9941
19248 8987
9683 10421
11485 3079
17277 16642
15125 4716
2027 6977
3381 18008
6562 19921
11743 9845
6398 3130
13532 10933
6321 11915
7489 18953
5612 13407
7288 1994
15454 1027
16539 15809
12146 14721
4723 19345
9758 11965
13502 347
14242 8992
16374 17302
18473 3956
19483 415
3326 2167
7461 1867
8343 15349
2721 2298
17384 10352
17409 16288
6229 5476
14462 4144
14565 6050
9128 6404
3046 18171
2887 4914
11890 15271
13278 19839
19760 11502
1346 7744
10874 4406
15338 1658
13573 1061
14 5626
19032 6320
8314 3767
4793 1331
17140 9285
4006 8728
8073 17830
9794 3296
3643 17885
6877 3250
552 19024
2980 2463
2877 6202
8368 15829
17696 6038
1386 4106
6404 3788
14139 11547
7834 14062
19538 14000
18144 12708
18757 7884
14288 17334
15504 18390
3303 15193
10464 3741
3580 3339
14840 16186
3930 14803
19209 14546
16204 9776
10837 10851
16476 15508
1827 10140
13906 18698
29 17169
6453 10459
19187 7259
5088 14882
18177 1820
19704 6580
9830 10381
9405 12384
14846 17723
3925 12293
8121 5816
11853 13239
17345 3748
7535 1673
13220 1053
15115 14653
8652 6795
19502 18258
6142 429
17763 13266
11656 14959
10151 615
4355 7934
11273 6113
2298 6228
1031 239
14784 10988
763 11599
2450 18925
14433 16260
6399 305
19003 19031
16199 2652
13111 12297
19555 4643
19524 17701
19520 19224
5804 15634
6014 15418
7802 2648
370 4294
16586 4706
10522 2375
15613 12958
16705 4240
5913 19132
185 15300
9952 18604
5398 4900
3158 9299
9728 7490
756 12411
7369 17520
18134 2489
10422 1694
7806 10104
16332 17362
17600 12384
3371 4133
15732 18181
17106 11539
7798 14196
