60000 60000 600
58310 19425
173 3412
36314 34189
32348 52920
50717 6419
42765 28888
58108 20404
34363 58458
1296 10628
5569 52945
34258 6331
21295 18711
31963 19913
24583 29246
37800 47737
22792 10734
45384 15233
16954 59138
5421 23317
22081 31056
26022 35793
18208 53364
21829 21970
35219 24869
48426 57637
22550 47616
46538 23798
38383 5615
7069 41156
44998 29585
35151 54416
51196 49506
8930 9102
12514 48828
23017 55364
48284 39001
45419 28183
57070 55178
15581 49943
48401 49696
324 5892
58837 33095
39425 719
19429 51392
11304 35887
5133 42932
30668 53460
4194 49577
4810 21763
20901 26321
49638 11718
42774 8795
44588 2796
56159 17988
39957 15176
40045 28470
26106 48656
36271 22808
46605 24988
30603 37671
18826 3824
33408 8559
2975 54170
43675 52605
1707 14220
3048 26064
21427 9711
48711 34129
2311 59381
54558 10138
81 48481
38177 38500
44391 43227
16321 55746
56464 15893
7284 18587
54474 59606
42537 13205
6665 10858
435 5244
27007 47907
14228 3865
15583 58356
7151 51739
54535 50693
8681 48638
3813 43857
12326 38432
27087 3357
26165 12770
37757 8359
46029 4855
8679 42086
50645 53619
47788 31463
24067 25773
39993 43041
9105 30532
40242 28952
3080 5391
4771 59328
9466 9546
58026 36202
14702 59092
42319 58640
54385 50848
6740 14023
32610 27084
26690 9227
22432 29096
39954 40389
45632 12638
544 14772
18636 34219
32574 39725
31464 25998
16690 25371
14008 17820
1677 14003
52434 19520
22877 49041
1810 39567
47925 33954
38808 47486
29572 20217
13835 1623
33086 57152
22925 2918
45959 55063
25594 5835
34786 37866
43256 48026
47354 56819
6364 4390
40592 55293
54385 36703
35343 29727
20575 27315
41338 13948
41032 7721
16947 39379
8474 48428
28816 14448
27085 27629
42400 1036
35254 7828
47553 19016
45013 1703
27073 41080
58900 576
14579 7012
26532 49408
38449 40259
19825 7749
41702 20510
7996 37567
57784 11618
13241 46326
43478 6403
9321 55279
50341 15935
21769 56555
34420 17676
5701 53055
49873 56236
625 41216
36508 30893
7595 42938
12665 33240
554 41892
55839 36870
44591 1538
40916 49390
37817 6633
21080 48165
15794 58194
59229 34483
42311 29863
48878 33890
35592 2664
43744 42643
43219 57797
4808 31340
20747 59195
39453 59277
7026 48727
9237 17232
54799 52582
4199 17440
3766 47243
53646 2966
58245 48586
4520 26289
22843 57263
14938 20639
13693 3565
59800 425
41641 18149
49041 56636
39573 52237
25476 26030
7921 3760
40630 25221
26758 7673
57062 34879
41511 2590
50755 6548
4741 3970
38452 20762
50624 39501
13391 48982
51646 35389
18031 1250
59046 3854
35193 55939
55134 34587
33864 40889
29616 38852
56083 50881
43462 47661
5101 8866
56109 49754
52720 50964
39549 44069
10357 33200
30462 45399
6038 19730
23294 23094
23519 5159
23307 12347
8983 48555
40792 6268
32298 40219
43978 24608
49828 16585
24258 21320
56198 37709
40299 31053
37600 42341
46310 24761
45523 36147
15648 29038
18020 9665
45054 3085
4334 3379
7233 42425
38364 33498
8084 41948
22837 52452
31304 27387
18267 1729
49390 54490
3356 59464
49218 41937
32901 12450
56518 6875
40074 10535
55934 1971
21700 44994
8087 31606
36764 70
12417 21399
9954 50746
57013 29310
9529 53506
18114 7941
24526 48783
10103 6300
44008 24306
55359 32958
15298 1608
26369 11891
48038 3685
32723 50742
407 45460
48545 52878
56257 3489
45913 24276
57774 5857
47804 10641
3092 34396
1782 20049
21777 11167
5657 9012
8476 57693
39630 12530
24980 21497
28371 8444
18979 14912
16882 38582
23575 31662
3267 40031
40101 52517
13916 23869
14615 11627
40937 50465
43971 2085
10025 34551
23334 33436
39735 23743
48049 43407
16364 31662
33269 59638
11528 59566
3250 35973
26714 27121
12580 1124
54002 50258
53747 39659
3935 1708
7565 55369
6009 9101
43496 45277
5325 27102
38269 43925
52937 1413
59106 38736
51265 16244
37741 6112
14555 33534
48445 5327
43908 7483
39145 42411
22441 2541
55058 8974
32843 47457
59083 40020
30485 14455
16539 26564
1115 24448
57883 37618
1361 49409
32815 49179
20841 54110
53747 5275
4840 8090
44062 10775
37895 50475
51599 45601
35858 29605
9264 13199
14907 22471
17840 23849
32949 16445
1722 7047
34148 12417
56341 49278
50691 49796
28531 19796
36040 13781
19892 34447
7980 56425
1751 45659
53142 32286
14697 37138
39679 34736
43709 16551
4007 3090
43110 13594
28048 44587
11151 12265
36712 34595
12213 13573
2982 35797
24975 45816
39925 33672
38946 43785
51874 35936
46710 24605
15080 6679
52279 28137
57741 7004
20202 35108
57579 15418
39267 12215
28660 30381
37427 11575
23991 20332
9609 299
50095 18626
38421 14461
28241 48132
22578 30558
26982 28733
14392 7533
39819 54515
31652 11331
46066 29775
46326 50333
53423 36532
50125 18173
2760 13910
26175 2887
37482 49694
3267 6248
42044 7019
52835 32760
6431 45377
29161 21035
56970 43680
8285 23365
30043 22322
50458 48199
55202 15404
50512 48090
3508 42774
54989 23648
54029 31455
43030 7020
27351 36960
37259 27353
45978 24399
38859 7099
55231 17809
48366 15347
44079 58471
6003 45822
40336 11988
23318 9384
39159 25484
15817 9239
45771 35895
54068 56827
10737 36911
39798 17279
6972 10239
16487 58531
5550 58384
31143 37573
22949 52110
13145 10115
53795 2080
25444 55487
17808 8266
56464 51666
7070 57582
45672 49180
31954 26942
50590 44619
16073 59102
6122 33472
10432 47690
15043 1021
25419 4278
11377 6607
24415 12780
28127 12206
10676 16679
2500 42836
54823 18141
27525 6683
32167 47983
57221 42991
18886 12954
9781 20517
57428 37225
54504 1475
11714 28200
26730 32279
30662 1805
39378 2327
54436 7581
17696 11490
13570 39013
34500 52308
574 57038
48704 55773
53355 39026
28205 158
27100 17689
2308 18381
17483 23604
57076 7507
55196 10238
11258 36677
40954 52330
58936 23351
36130 4257
16462 27137
43815 46315
29150 23973
42113 9638
16320 48486
36469 33689
16680 35566
48519 58299
18816 16244
53469 47972
49446 1160
29359 56089
28367 59029
833 40211
42537 36972
44553 2248
13738 27307
6320 40820
33127 33701
30738 19441
15214 8568
47593 15798
15955 43054
743 3050
21430 38912
2515 59591
7097 2292
12530 23788
464 41417
33747 32683
56033 32163
36419 52880
20017 3832
50146 19296
43268 25381
35018 51337
39823 16291
49980 6660
42226 30745
29044 47859
4102 57570
45541 34987
36147 5505
1593 29960
28989 29822
10032 52568
29540 14092
16340 30077
57384 3703
44522 17649
51349 22087
41527 56741
5309 52901
8699 24653
7706 8449
11498 32928
11839 14354
13945 21041
23333 35862
59649 113
41529 15275
47957 43990
16152 52571
45451 5467
9299 59445
18740 2007
27388 2405
53742 33565
49856 39835
46495 28720
59464 28508
16366 20468
18038 3579
38566 14712
20217 21810
51770 20758
50579 610
53177 22716
36808 53147
23224 20607
24310 8832
26481 17830
39916 21442
18183 23491
16392 25090
49743 57449
5897 17395
50322 2161
16515 30459
51499 14831
50693 50342
50454 31983
47258 35215
19204 35356
27926 13376
18843 28141
27585 46325
48331 15719
18124 11865
45430 35285
15120 1614
30334 29798
58305 14670
35138 53176
56755 35320
50032 10249
32059 23828
44585 35164
35774 28950
51666 28474
21621 44844
5451 29761
38593 5073
22902 2817
24259 42442
5932 22324
47413 37155
34603 40500
57894 48215
50375 6890
37348 28847
43678 34370
