50000 50000 500
15285 42448
25780 26448
15954 7639
13140 11250
46029 30322
9030 40713
9963 22005
43860 40150
27658 30653
11321 3304
30548 7269
3104 42094
30420 36028
49380 32848
12170 39626
37049 37560
26199 23086
10772 4475
48213 11408
37726 20
40436 25207
29668 9682
30883 37889
30326 14915
21791 7158
20960 16602
40973 39088
24890 4516
214 38007
20906 8782
19415 7699
44084 9369
1816 27595
4043 19997
27635 40775
2024 48052
28374 37404
28116 38078
10082 3941
44091 21749
2401 13721
17025 47572
4841 7944
38 30458
16486 15865
48712 10882
508 37557
25116 1315
24400 35172
39647 37859
49267 36993
37012 27448
2655 32322
42004 22886
10775 41101
6015 27806
34963 5922
22524 13496
2583 27473
31988 32202
20209 41114
49895 19309
27008 21092
30460 32275
9870 13913
33909 11544
2319 4343
2395 30768
18171 46286
34363 44445
48386 42476
14224 16625
30346 47370
44941 49782
7726 7763
38221 4706
20571 19282
30164 30671
18227 43342
44657 19057
4228 43875
31734 31000
17993 5005
32452 35106
17427 9430
32316 43091
34191 40206
18011 2974
8895 31418
44913 47496
24968 6956
39158 9366
480 375
19683 46691
17782 48241
30516 40386
4299 38207
49751 2069
6411 8805
39573 7743
4029 38391
32836 31221
23696 37920
4544 34889
32259 27199
26980 34705
42468 30689
35394 5964
25246 5409
36080 4306
47648 42304
11360 15588
9463 41196
22196 40188
45192 27643
12749 30176
39606 21921
15012 49202
39408 7419
10392 19286
704 45617
43112 18080
25035 14192
23558 24037
24411 44094
40785 8566
6807 37323
27708 32006
20213 19964
22032 28443
37248 26820
34562 38590
26981 9816
41037 14732
2652 7195
42084 24342
1541 28521
13226 5693
36382 21775
27739 2985
8394 44473
48778 46426
38729 89
15677 25139
16334 38529
28717 23908
1551 14299
44475 34080
6001 21012
20214 9622
17040 27431
46717 47421
43037 36149
4229 29264
43456 17013
41049 15460
9554 338
8903 15710
3032 30739
12745 32958
2921 24952
3395 40642
17461 2023
40612 17593
27409 18445
33176 35828
43022 35106
9448 10988
39508 2734
8427 44808
16582 44321
47305 5698
170 48948
45373 34102
34190 49866
25005 41338
29867 8583
32491 34041
48340 42815
26894 32894
3906 24120
33741 781
28211 24927
22348 15384
1533 5761
35025 28480
45492 36541
2000 11554
11891 20793
36502 39534
20273 33017
15975 18895
43847 47241
37883 5343
7366 47978
15570 42978
11422 44598
30425 23447
8553 18000
28988 18495
21228 29655
24462 41043
35364 32668
38366 38535
37483 32855
16956 1146
1012 26016
17354 47221
5804 38294
22335 20675
13489 40382
23276 27182
1301 35042
35822 14033
38960 11307
26691 28224
33985 19009
47488 42979
29520 31520
43073 4963
25756 12258
1791 22063
5080 21054
39949 33795
31036 18918
24260 31625
29602 45172
38149 49571
44169 24594
48041 6593
24593 3580
22075 43303
22957 47418
38461 23824
6491 44856
33391 20873
3728 20684
21829 22841
48856 16210
13430 19234
7527 29862
536 14024
4406 27682
4863 6164
41206 27028
41060 30019
41326 18016
46239 30224
49232 46719
39698 19218
737 43809
48772 24527
36785 38575
10638 15718
36771 26720
10514 41549
10466 34726
16351 45952
41124 29273
28844 23012
47606 45646
2239 26832
30411 2486
45788 18745
16162 4623
28446 34937
29793 13184
34056 37784
8467 30296
3137 1993
18202 31632
865 8392
38254 38789
2813 7219
34900 39762
45926 37132
14159 5218
35237 26563
44578 40817
21040 20272
16991 6688
25905 26642
20451 19222
43749 30533
19108 29745
45462 32233
8952 19466
11015 21480
6206 22556
18508 9631
38903 17746
40758 38363
34009 36248
13079 43490
45976 41764
10508 26670
31292 9738
44674 24466
37649 21705
9489 17956
48252 1388
3380 21582
3214 4079
12470 724
39512 42325
49543 34442
24204 20130
7261 21419
26637 11873
38435 33013
23830 44870
15141 32131
38819 14724
41365 11815
31036 24785
5317 24424
4169 49630
31863 40815
10281 21295
42774 48979
21535 40042
49673 38575
6321 47078
35441 19450
5698 18777
12267 8242
5 10513
37182 18474
28211 22884
47350 34999
6704 16193
34148 32400
33787 37167
8749 11962
16041 28511
29234 18745
11070 10612
45053 19257
39386 46646
18064 44701
6574 45009
28021 1851
46720 11860
43991 32809
47533 38897
712 31748
6532 11848
36272 40440
40070 21932
12747 23027
44321 37095
36074 7608
47650 47322
35896 42217
39295 24736
44185 49882
18658 30924
39166 39170
49682 36864
5337 33548
6432 3782
38780 45484
11677 45824
28224 12011
49177 7926
19887 35927
14437 43671
12415 23485
34096 29149
48405 37790
34436 2500
47200 3773
48781 26802
28652 25371
37231 31222
14031 11563
460 1171
32919 39450
1298 37569
28009 18078
40010 2756
25783 20103
7198 43271
879 48528
45849 31745
23962 13256
37991 32176
32057 715
31639 20804
9974 9656
46520 1857
35404 41835
45616 34396
29880 41556
37380 15603
27613 26790
34715 4602
40529 4966
48636 11051
34535 18630
47778 46183
33973 18408
20907 18107
21879 20659
47460 26112
1482 38713
19934 33965
45527 45986
47157 30075
19525 20823
8391 36399
4477 44486
47242 23024
43127 324
43595 44473
43001 38849
20594 44555
7810 45801
27976 10033
10748 42386
13190 23164
32820 29339
31195 16599
8433 4049
38445 18324
9880 47260
12862 40475
17264 1979
6581 47109
2074 710
11760 46295
14924 12702
8885 42857
11265 32172
278 22157
42815 40275
16386 17868
6581 26515
10479 6005
1991 49148
29223 48747
19570 27960
14359 18836
13321 10562
33586 26712
27036 20630
15102 8102
46951 17545
12099 19909
15710 43685
3718 14465
6851 20040
43204 26023
5361 36556
3154 11587
15635 4080
22404 32283
29542 42404
32879 143
2121 8701
5810 7884
8593 20353
16647 31571
44273 3157
46014 7279
39450 39728
11884 4699
44973 11359
29227 35807
12322 22800
28804 30795
29942 9165
7912 27481
5441 19799
38635 1955
12517 46102
22814 49849
20478 35580
43682 40632
8177 20276
40184 5894
49578 3296
17760 24610
44650 37853
13875 19236
5791 8944
20530 36165
40244 12647
44930 24472
16875 49754
49896 2016
10717 16526
24409 33002
3354 20001
1571 45844
49001 45014
2293 41743
31470 43353
48052 43024
4383 33610
