70000 70000 700
12814 24722
14647 39215
45426 33807
30369 41098
68257 7891
42345 57771
6647 2743
46364 12179
5049 11924
62710 11441
27777 3529
56393 34615
64716 47181
44289 54804
1108 32643
16812 383
28909 38714
48397 34184
12569 42299
34288 32439
32256 12788
53190 53534
27967 36487
67405 19851
48009 55707
66063 23673
64814 47722
33731 37183
49968 36705
58143 19576
55098 27474
21567 34380
59101 3747
42962 18387
52194 12563
53660 51916
59807 32151
19922 26569
29311 5675
17853 22901
34825 27535
38975 66752
280 56673
21287 16003
63183 37471
22275 23383
56025 2836
3219 32127
841 49237
13421 25989
68288 32576
65014 27270
40057 23246
6780 34746
1233 68637
18487 66496
52203 48265
1938 66751
44473 8204
45387 25355
62059 50202
69777 54875
12348 33914
68293 57394
61141 34102
52489 34683
47245 30904
12820 2627
34777 54699
11267 40578
46252 64105
17006 51830
9364 48339
45090 45370
32043 53329
69332 62514
29985 52259
5641 61665
64501 67720
29846 30686
9923 23343
49332 47620
10195 5209
32478 2535
25781 32560
67305 68538
67174 15661
12156 64358
42623 44560
41311 15784
23988 69374
24729 16787
66989 66765
51639 63987
27900 26193
13586 4727
38828 21317
55999 33243
64147 6967
9593 44370
29068 40335
10912 57164
51268 68273
50103 59466
37805 12894
58264 20306
3635 2966
65480 25464
7723 13364
5029 69530
67249 27095
57781 67703
21046 378
47997 58192
63400 25878
28412 54193
16752 14057
12594 9768
25428 37584
31941 4564
49124 20435
36218 60206
59579 14308
31095 28083
24847 6486
473 28373
54565 68151
2877 41705
63021 49019
12262 6409
13375 22967
67336 26404
66738 7650
64814 46082
44355 24457
13923 51727
64621 52884
3189 6824
9789 5268
30732 38455
51819 56847
56376 53625
10719 68499
66202 17248
17625 65622
53814 47214
3091 31503
15695 32447
46504 59097
68865 24292
61875 23816
28380 7504
27938 64156
54361 43940
58247 19341
47423 2270
8756 9228
37601 22166
20316 23193
64898 57919
36937 49199
55607 68981
21948 19283
45687 42425
50074 44888
20969 65324
19780 33703
15429 10049
62933 66122
2945 12734
18002 48733
17188 69006
55853 42229
25853 36572
35070 31272
48519 66144
61766 45580
22793 25884
57387 3082
35528 12031
1128 69992
24284 16159
39975 68355
5858 33795
27950 12311
56250 44496
63837 41259
43529 52285
61512 29112
51277 1593
24786 19684
7602 44538
23737 9343
8324 30271
49554 25241
67665 47739
22626 43595
38918 58698
22400 37828
47877 40809
36930 39875
52608 609
49342 66530
65536 51388
23617 49470
16041 51111
12382 60901
57045 48811
24390 47183
3066 60453
63534 29062
41093 42220
42212 66496
12655 52629
50983 56841
20635 48585
60895 47144
21640 15476
56735 30264
12548 4060
33172 14449
16041 40827
60510 68111
42649 66386
5729 14052
44323 23877
49117 46781
24519 47145
20739 59657
48354 753
38580 16457
57265 24195
64069 46677
47285 26627
23156 18691
79 23695
3164 19205
315 12697
3598 60643
39453 63843
41025 44091
34543 28076
57137 28229
449 42661
39157 51811
34439 15422
2262 22896
1481 62375
39519 61159
6634 63369
23632 36179
40238 3410
17858 33899
4725 65235
63346 35995
32380 38108
52160 26482
50358 29475
6255 30774
7918 28657
18313 66666
67418 35998
52454 39719
63914 57983
34659 11944
38570 61726
10416 10494
34189 37353
56557 56872
69568 3166
63808 33260
27102 68127
42217 6759
34834 21971
50200 50649
23309 62465
44275 8714
24135 26396
49292 50773
43147 12666
3824 10458
3826 27458
63636 33874
37283 55141
19039 23763
18998 12343
48337 10717
48824 30983
57464 37822
67297 3551
34325 42243
899 19211
15877 13295
49292 31746
1465 65379
53361 18020
29964 68533
60259 674
11168 45357
12709 69265
56136 55704
58869 52676
15936 43038
41164 13380
20138 54972
6943 57142
37790 61099
53563 27838
36551 60686
17082 66374
47146 20293
32958 36781
47239 51064
8521 2157
36031 3314
58454 7492
31255 50252
62595 40931
51647 30471
61453 48917
16739 14035
17585 51910
24152 25050
44261 60137
3431 52723
14469 15933
11311 64672
12691 42654
41187 31446
32120 43288
18644 31352
30617 16753
2456 61325
44001 59936
32974 4137
17516 37654
22626 29568
16709 54499
45597 29159
56997 23548
14233 31314
27687 4832
25124 58082
24863 2101
53164 61685
63841 29872
33185 21638
29129 60383
40635 33229
4160 55806
16276 7729
56645 3383
17417 35002
16912 41063
66113 40373
30510 33941
16664 31132
47065 58376
53048 65738
38392 9579
41025 3144
46431 65074
26426 57043
3795 6251
67576 41576
31512 64485
68621 16137
53791 6416
35984 52693
37191 12787
41946 28942
52489 66722
28036 55722
60554 15678
3759 28621
30721 13885
5570 69411
29282 62466
14104 43232
33615 4250
37478 41637
27443 43719
51447 38092
41474 58891
23893 40804
11867 7979
48352 8862
42802 59466
20597 67662
56037 39084
34822 3214
12793 53817
56960 33391
28464 54890
41932 45727
51977 49553
21128 52640
47124 45745
61882 45672
52088 18071
763 37954
50740 22686
51628 34117
30838 58873
44595 35148
50825 54584
13204 43925
57810 63379
62789 22071
14536 28639
1871 35486
39735 7212
48849 6291
50009 31456
69547 41020
29911 53803
24607 36473
44451 22803
31664 4466
63931 14528
12189 68226
37310 2132
5345 18138
1955 58915
22305 50768
35657 7589
53315 35292
14844 35972
18611 65735
41480 33361
9032 61120
9190 9953
47906 28646
51331 32958
67074 27911
16784 61378
26526 7350
61934 5138
49063 36872
30251 23039
45110 59645
18284 20154
55639 25374
32586 11434
17725 67733
29189 28735
69755 29665
13468 38074
4547 48998
1800 33463
37929 31859
46386 58575
56800 24110
26241 31586
49723 51677
40591 62895
43663 9320
16908 223
35514 50358
16329 34940
30675 2154
35514 44546
35665 44855
54807 32713
61358 42688
5646 2719
30630 47413
38791 65316
2666 64599
69736 48798
15670 45920
68959 44068
33713 51996
2150 57789
13162 45747
57180 4905
2637 31826
60560 60315
19979 33447
1521 6067
55064 56864
20326 58254
20113 66499
55073 41873
65982 22222
53807 33530
15207 55797
48692 22355
31674 48582
48804 14318
64675 11004
45944 6618
8772 44285
18831 54495
29350 14156
46869 38226
10914 16559
19278 49907
27320 66110
61425 64090
58688 58424
37221 52891
28810 27768
1836 35548
17543 19692
7480 20642
66388 53568
58472 61109
22934 13494
3808 23787
57233 58754
64821 49884
36747 57073
45327 65439
61938 47010
18883 14864
37086 20893
54422 69629
55425 34117
56471 18144
66726 45529
59846 54520
65524 41467
48084 56856
31140 49971
34466 63815
7971 54839
23064 33978
50536 69813
49720 7039
3149 64573
58663 47351
35774 2995
55885 14695
42463 44298
9845 27388
47079 54559
5200 1588
55155 43627
34735 57669
1162 4970
28756 15989
4742 69562
49446 16193
3265 48592
44030 35968
12977 31860
46723 13809
34702 19124
18752 4177
38293 24763
42907 39632
15161 5006
59526 55049
26516 4599
61454 22594
2564 37030
30844 38814
23652 46716
10694 61229
61042 40762
47800 50949
45522 34184
11534 47308
50303 36188
50882 23344
67641 7486
34873 11952
66511 1710
3298 58452
32079 66813
54482 55644
60613 19368
35356 40097
39659 19104
35296 38561
17152 61182
27149 40126
1985 48708
62517 27218
46341 65092
69269 37561
62324 35231
4862 20023
25028 14554
69602 26117
30716 22170
44764 47328
14357 45200
14014 37666
14382 25075
16304 7345
48106 25906
6854 52375
16559 28093
5400 55703
21890 2771
26115 23756
31241 66114
8066 4576
6286 9583
68035 30113
26926 11407
67050 57663
7030 42386
12483 52141
1245 36540
5101 22252
13434 40582
10707 12692
61399 53915
11133 57473
52565 51833
19394 11717
46947 51809
1831 26859
41412 41014
67130 27846
50016 24779
2107 16463
61663 5676
43342 57723
12798 29101
36445 14551
40457 47311
29686 46244
4336 9736
65438 17328
20098 46213
69968 31209
27322 35387
39963 46248
55831 53865
13977 40903
52309 49359
37021 44051
16437 28920
11060 12305
48845 53945
6196 19629
60211 918
13609 5008
58922 54
57527 40092
21925 41318
53034 29981
11790 13621
40479 11890
52904 50034
7879 57895
12673 14779
31242 22905
28581 1922
59645 2442
31542 67987
12538 52994
30305 59990
36234 40570
50305 45743
63070 13168
59380 59348
20556 47878
13265 53227
29475 15305
69169 13146
54048 36357
15715 52736
26787 43224
2143 13203
25507 4351
58295 64491
14120 4330
5248 18857
23864 12786
12840 366
40458 62382
33699 16733
46714 58503
2123 42602
54492 37395
17428 25306
13200 25873
40652 1894
24798 53378
55299 44944
47385 8926
6913 19450
2444 32749
22738 58971
29540 9845
55588 48658
61825 51205
40552 61108
38985 52249
35476 64950
10254 9423
22568 6615
42971 58686
41422 68209
41432 43574
