40000 40000 400
23495 34558
14775 38554
13881 23510
712 34902
4713 1487
13052 38054
7232 19789
1280 20051
1031 21571
31992 38337
14552 21994
33678 24567
38343 27035
23092 33018
10769 16853
5376 32276
5651 6383
36227 27675
35673 12956
22925 35315
26106 14116
19669 10038
723 7958
13468 1917
12081 34380
16402 21023
27159 9475
35796 36399
15619 38333
32457 6585
1346 7243
37683 21178
15736 30511
29064 2945
26454 27166
22068 26780
28267 1318
39371 6603
26392 27672
7722 8752
30323 22315
20651 35202
17196 10874
35440 33782
20816 3907
36925 7693
24545 29921
22197 27847
34229 30456
18130 13803
26759 9684
4998 31103
5219 24887
34925 35647
3605 17073
18989 31070
25449 1851
22874 10033
19508 15303
11701 27320
25652 18109
24694 26039
33281 30964
12141 27877
18387 7450
10395 36849
24014 6081
32861 21127
22445 21816
28418 14809
2480 10202
18954 9277
31591 12241
7443 24638
35511 30951
24732 5548
9455 6379
14072 38616
28536 10732
38579 32808
23264 1394
15196 1954
11637 16635
7738 12956
37842 32766
28413 32018
9090 28078
19148 4597
6448 29321
39354 18861
34164 5865
33184 18836
36945 21638
7677 957
31921 4062
31938 10324
17773 28168
25016 9029
15110 7971
29098 11542
33357 21774
36583 39063
9265 28219
37495 29086
1326 8769
33406 28917
19867 4599
10146 19601
25979 50
38666 27202
37934 36512
29320 12583
13976 29171
31125 2762
19396 27134
89 37931
30697 19110
11127 20216
8294 27442
32038 38485
27806 27159
6020 183
6048 39231
18067 15011
36649 4326
5283 37203
1264 33201
3524 21297
9465 34480
3509 18619
26589 15686
27227 20584
2358 38940
38003 7268
35486 32980
22065 23391
32159 25565
14481 34347
38946 9091
28692 14670
14720 13386
587 38520
35032 24351
36934 10909
80 31205
33966 13362
495 584
38515 29212
8322 19448
39664 7958
35399 27436
25921 13726
885 6904
7087 13134
12365 30431
5442 2091
6416 11698
8900 10164
3364 6888
28185 37649
32128 35637
14255 844
16529 3756
24340 26697
25637 23639
30907 26392
19372 1437
24828 16986
2551 17031
11378 10323
19414 8106
22775 37495
10880 11467
9987 5019
29370 26303
37212 37292
28496 22461
35823 36318
36901 35416
24628 32949
12397 12060
20018 15416
2852 28772
2498 3382
10286 17372
30505 2870
33300 38741
832 7247
18944 27843
38007 1370
8258 36442
34091 26218
21854 36109
36952 13481
17236 1575
28272 13908
37547 28453
14845 34216
35652 20479
37465 16
17046 28424
38747 18161
26266 9041
6536 17416
28882 38869
3887 33256
19559 16770
14061 2556
25017 20840
17157 14058
9474 34101
27050 39446
11506 31523
6939 9791
38562 1060
4441 14726
32098 22603
25472 18771
17512 18343
25590 4533
32376 30382
31752 9
36451 30541
16758 38612
34721 31672
5152 22388
23963 12235
26142 23689
12141 26985
21201 16852
37331 34796
34811 11857
281 39028
17188 3454
12495 19030
36446 25327
24196 28082
21338 896
17665 31726
34282 19299
138 17295
31352 825
34926 21975
21420 32926
24448 31387
1177 39739
798 5238
19964 12061
34663 20134
38905 16417
34760 20349
24882 17257
7638 39389
39398 35848
26388 3146
1758 36478
28150 33301
15689 39652
11886 38028
21716 33856
20841 2041
18893 16224
11019 5830
17686 17966
16993 34181
37635 10129
29159 25604
10930 35126
23207 4545
5440 23105
14831 9112
28411 28548
5842 37194
38019 32944
14918 36338
29263 13711
5097 6274
6012 6809
12047 32010
4070 38733
18866 17771
34188 28947
9296 34177
11433 19071
18460 17857
13704 92
3237 4994
1472 29621
22922 38611
38262 10148
8175 29891
23747 4587
6628 25521
1744 12763
18592 36278
14244 31237
25418 23052
33180 22338
7941 18871
13996 37203
1747 7187
30291 5121
14233 2643
31191 37033
34226 32244
25188 105
36443 25705
39416 4512
10785 16797
23605 35651
27661 31730
30463 9329
27099 21286
10233 19529
13705 25138
4208 22668
524 14228
14319 17556
22550 24021
13642 36563
35173 33435
3583 11758
1648 25394
29981 36609
22129 23873
36636 15228
11505 25749
16985 2402
25453 18633
971 8911
27782 1778
38980 727
7913 38204
3325 17558
20200 11391
8423 2648
34892 20079
20184 16626
2331 1746
6258 17043
33839 17444
13095 755
32485 22947
32275 19374
660 10892
30420 4125
29262 33470
16137 16660
30888 5207
22763 5312
29333 2974
39537 34709
28144 31726
3483 5131
30524 20504
17113 39241
23114 19749
34976 6481
32229 9214
11615 37068
15701 16671
25581 13363
15140 14120
14846 22759
20962 24287
1844 22044
33434 1856
4504 39395
19474 39658
16283 18614
20360 26618
3660 37499
14942 28036
28791 21275
4221 36495
15869 16528
27420 17839
21964 11225
4694 20830
37490 28377
33584 16346
21658 10990
13963 13500
8208 36352
28078 31560
36690 27214
7718 24830
24071 7184
26932 21908
28388 20617
29830 1445
38513 14213
30884 16465
29827 4966
19085 33931
16689 37651
21938 23781
5824 39258
1113 5617
5011 24485
