30000 30000 300
15199 21724
7454 26473
26742 12958
21293 26500
7632 26161
28643 14248
29214 14625
3518 4030
17324 13125
17246 20568
15962 27544
17912 24152
1319 29059
23222 11636
9280 23977
11113 10882
4350 29439
26585 6325
24141 10415
381 19579
29588 24951
10087 24511
22109 13282
26359 27414
17124 25356
18729 11835
29219 27016
26439 23602
7416 6538
19020 20641
26122 8142
19600 4799
26522 3975
448 27189
10146 1439
27938 5570
1730 372
14619 13833
28458 1975
6004 23327
6452 23698
14265 226
27770 15681
9832 11151
10209 3431
15067 24346
18322 29435
10316 14665
14104 10688
17012 11153
21568 21948
11526 11114
6064 16151
10661 2769
16051 12410
9824 26948
22303 11031
22865 22084
19100 15539
9140 16555
23093 12113
2754 28875
7017 26616
1414 27936
1910 2358
29546 9692
11131 9068
14637 16367
16739 1358
15191 13648
15623 21627
14954 21406
15103 29367
29592 27362
13042 22874
4025 14233
17663 2729
27075 15396
14831 25146
9810 23914
4601 21613
2765 24333
16280 27806
8919 14983
1133 11793
14562 613
13022 22846
19793 12095
23126 15991
8074 27173
12711 21851
8406 1498
13611 16364
15239 22255
18870 20284
18219 20129
22487 22033
1724 12855
21922 6559
22926 9665
11023 26213
9861 25484
17110 2064
23469 8571
7937 7529
4890 17932
10806 14830
29062 16725
19454 16528
1924 16754
11899 21709
15622 20223
11835 14600
8933 25212
23018 1936
16919 18051
29844 14406
15019 28041
20886 10678
22773 15898
1889 9962
7135 19845
11695 20101
21599 5209
21572 6810
29064 17934
8217 26436
16565 9052
1084 2808
15662 7583
14142 7068
16732 27754
23966 3827
29310 16420
18483 11951
20521 28458
5986 10876
28807 9612
24441 23503
10227 29680
16207 18130
4884 16782
8491 24113
14335 26170
10770 19702
14913 7931
9867 26785
14835 14679
29084 14102
12143 3028
13705 6478
22375 24263
4225 11359
1203 12898
2999 24597
29806 21377
28187 27251
15184 23401
19837 6402
15453 16536
19343 5004
12587 26729
3796 20527
18281 12247
16073 15383
1802 20284
2235 22756
21213 27199
8074 6880
16492 10933
4435 14661
14341 548
18678 23561
10343 18833
12946 27280
23449 4218
23919 8832
16762 26628
23413 8247
22926 22009
6111 18253
21281 4986
11463 3838
28101 2325
13684 14887
27785 783
25380 25185
16561 14748
11998 27182
20582 10419
16820 2273
18809 8151
13155 25742
22470 26266
16793 5073
17320 3392
18775 20576
10860 13094
5849 27061
24260 2333
9213 25704
6636 11071
25732 10072
10620 29297
22857 3200
22033 4978
2257 25706
29924 23842
2674 19436
16064 9476
17723 10648
2657 8768
27021 18301
23287 4749
8587 6687
9012 22695
7581 5365
6148 1527
26711 13272
28019 10017
7198 27780
8199 25019
27291 16099
24250 7405
3146 25616
21882 8674
13747 1066
4457 23231
13807 24666
7759 13608
10669 4928
7260 16473
12176 18812
29882 25613
5685 16304
15600 8457
11656 3688
8666 10922
6628 6551
393 3066
22502 8565
18041 5763
16411 19067
27835 24855
13156 6442
11191 19777
26463 5474
28169 5749
11114 17261
18788 15498
28770 26789
6805 14003
11783 19981
14999 12290
28388 22638
42 3188
28803 20685
29358 13104
14169 18626
11857 25664
20329 28088
11695 22364
27291 4551
21023 3199
22011 21892
17505 23189
9492 25092
3548 15204
18892 27557
8479 15106
21657 22049
25115 17616
26181 14221
19984 6394
25461 23295
18150 1305
7747 18937
8713 5175
10649 8817
14566 25679
12940 1727
17225 15994
12783 19588
3590 15373
5353 20352
2641 1029
23666 23707
26894 25697
16381 15739
28843 13011
1637 13494
9157 29486
27574 9269
1632 28923
3473 24496
27694 19704
11596 29100
22289 1781
26872 420
15623 4515
